---------------- reading observed data -----------------------------
total number of variables=  23
obj fn type=  5

---- reading goal.txt
no_pars=  9
no_Sims=  100
type_of_goal_fn=  Nash_Sutcliff

1   1:V__GW_REVAP.gw
2   2:V__ESCO.hru
3   3:V__CH_N2.rte
4   4:V__CH_K2.rte
5   5:V__ALPHA_BNK.rte
6   6:R__SOL_AWC(..).sol
7   7:R__SOL_K(..).sol
8   8:R__SOL_BD(..).sol
9   9:V__SFTMP.bsn
---------------   parameters   ---------------

-------  average, variance and type of goal function  ---------------

average of goal  = -155.524475
Variance of goal = 7185.239746
Type of goal function = Nash_Sutcliff

---------------average and variance of parameters---------------
          avg_par      var_par
   1     0.100000     0.003367
   2     0.900000     0.003367
   3     0.150000     0.007575
   4    67.500000  1315.104126
   5     0.500000     0.084167
   6     0.100000     0.030300
   7     0.000000     0.215467
   8     0.050000     0.101842
   9    -0.000000     8.416665

count = 4950  jrow= 4950
--------------------------- Jacobian  -----------------

****** end of Jacobian *******

---------------------- best parameters ---------------

    1              1:V__GW_REVAP.gw    0.093000    0.000000    0.200000
    2                 2:V__ESCO.hru    0.835000    0.800000    1.000000
    3                3:V__CH_N2.rte    0.244500    0.000000    0.300000
    4                4:V__CH_K2.rte  125.625000    5.000000  130.000000
    5            5:V__ALPHA_BNK.rte    0.005000    0.000000    1.000000
    6          6:R__SOL_AWC(..).sol    0.217000   -0.200000    0.400000
    7            7:R__SOL_K(..).sol    0.712000   -0.800000    0.800000
    8           8:R__SOL_BD(..).sol   -0.076500   -0.500000    0.600000
    9                9:V__SFTMP.bsn   -0.650000   -5.000000    5.000000


--------------------------- Sensitivity -----------------
   1                  2:V__ESCO.hru  2592.296387
   2                 4:V__CH_K2.rte   348.222443
   3               1:V__GW_REVAP.gw   324.312286
   4             5:V__ALPHA_BNK.rte   312.586548
   5                 3:V__CH_N2.rte   215.506393
   6           6:R__SOL_AWC(..).sol   109.600143
   7            8:R__SOL_BD(..).sol    29.677334
   8                 9:V__SFTMP.bsn     0.000004
   9             7:R__SOL_K(..).sol     0.000000

---------------------- J^TJ -----------------
1   5.6467e+0111   9.6198e+0091   8.8839e+0081   9.8169e+0061   4.2336e+0081   8.4007e+0091  -1.6548e+0091  -3.5155e+0091  -8.5502e+007
2   9.6198e+0092   4.9779e+0112  -6.1028e+0092   1.8845e+0072  -7.4005e+0092  -6.1696e+0092  -6.5340e+0082   4.8138e+0082  -6.8559e+007
3   8.8839e+0083  -6.1028e+0093   4.8501e+0103  -5.8290e+0063   9.1033e+0073  -1.1166e+0093  -9.5367e+0083  -4.1900e+0083   1.3727e+007
4   9.8169e+0064   1.8845e+0074  -5.8290e+0064   1.3079e+0064   5.9170e+0064  -1.1815e+0074   7.7082e+0064  -6.9234e+0064   2.8303e+004
5   4.2336e+0085  -7.4005e+0095   9.1033e+0075   5.9170e+0065   2.1044e+0105   7.7320e+0085   4.8269e+0085   1.5385e+0095   6.5673e+006
6   8.4007e+0096  -6.1696e+0096  -1.1166e+0096  -1.1815e+0076   7.7320e+0086   6.5739e+0106  -5.0553e+0086   3.9423e+0086   2.9198e+007
7  -1.6548e+0097  -6.5340e+0087  -9.5367e+0087   7.7082e+0067   4.8269e+0087  -5.0553e+0087   8.6007e+0097  -8.5425e+0077   4.0081e+007
8  -3.5155e+0098   4.8138e+0088  -4.1900e+0088  -6.9234e+0068   1.5385e+0098   3.9423e+0088  -8.5425e+0078   1.9641e+0108   2.0895e+007
9  -8.5502e+0079  -6.8559e+0079   1.3727e+0079   2.8303e+0049   6.5673e+0069   2.9198e+0079   4.0081e+0079   2.0895e+0079   2.2223e+008

--------------decomposing matrix-----------------
---------------------- JTJI -----------------
    1.77853e-012    -3.79092e-014    -3.50945e-014    -1.50552e-011    -6.78328e-014    -2.32948e-013     3.39379e-013     3.24023e-013     6.17612e-013 
   -3.79092e-014     2.02739e-012     2.57170e-013    -3.10021e-011     7.19298e-013     1.87251e-013     1.69967e-013    -1.21848e-013     5.33877e-013 
   -3.50945e-014     2.57170e-013     2.07200e-011     8.22757e-011    -1.23009e-013     4.12281e-013     2.28042e-012     4.71567e-013    -1.73071e-012 
   -1.50552e-011    -3.10021e-011     8.22757e-011     7.73238e-007    -2.38961e-010     1.35384e-010    -6.64745e-010     2.85540e-010    -3.65996e-011 
   -6.78328e-014     7.19298e-013    -1.23009e-013    -2.38961e-010     4.82039e-011    -5.31814e-013    -2.53168e-012    -3.89248e-012    -2.98200e-013 
   -2.32948e-013     1.87251e-013     4.12281e-013     1.35384e-010    -5.31814e-013     1.53055e-011     8.31008e-013    -2.49375e-013    -2.19622e-012 
    3.39379e-013     1.69967e-013     2.28042e-012    -6.64745e-010    -2.53168e-012     8.31008e-013     1.17491e-010     5.86050e-013    -2.11531e-011 
    3.24023e-013    -1.21848e-013     4.71567e-013     2.85540e-010    -3.89248e-012    -2.49375e-013     5.86050e-013     5.14043e-011    -4.76951e-012 
    6.17612e-013     5.33877e-013    -1.73071e-012    -3.65996e-011    -2.98200e-013    -2.19622e-012    -2.11531e-011    -4.76951e-012     4.50493e-009 

---------------------- Covariance matrix C -----------------
                             1:V__GW_REVAP.gw                  2:V__ESCO.hru                 3:V__CH_N2.rte                 4:V__CH_K2.rte             5:V__ALPHA_BNK.rte           6:R__SOL_AWC(..).sol             7:R__SOL_K(..).sol            8:R__SOL_BD(..).sol                 9:V__SFTMP.bsn 
              1:V__GW_REVAP.gw     1.27792e-008    -2.72387e-010    -2.52163e-010    -1.08175e-007    -4.87395e-010    -1.67378e-009     2.43852e-009     2.32818e-009     4.43769e-009 
                 2:V__ESCO.hru    -2.72387e-010     1.45673e-008     1.84783e-009    -2.22758e-007     5.16833e-009     1.34544e-009     1.22125e-009    -8.75510e-010     3.83603e-009 
                3:V__CH_N2.rte    -2.52163e-010     1.84783e-009     1.48878e-007     5.91170e-007    -8.83852e-010     2.96234e-009     1.63854e-008     3.38832e-009    -1.24356e-008 
                4:V__CH_K2.rte    -1.08175e-007    -2.22758e-007     5.91170e-007     5.55590e-003    -1.71699e-006     9.72765e-007    -4.77635e-006     2.05167e-006    -2.62977e-007 
            5:V__ALPHA_BNK.rte    -4.87395e-010     5.16833e-009    -8.83852e-010    -1.71699e-006     3.46356e-007    -3.82121e-009    -1.81907e-008    -2.79684e-008    -2.14264e-009 
          6:R__SOL_AWC(..).sol    -1.67378e-009     1.34544e-009     2.96234e-009     9.72765e-007    -3.82121e-009     1.09974e-007     5.97099e-009    -1.79182e-009    -1.57804e-008 
            7:R__SOL_K(..).sol     2.43852e-009     1.22125e-009     1.63854e-008    -4.77635e-006    -1.81907e-008     5.97099e-009     8.44202e-007     4.21091e-009    -1.51990e-007 
           8:R__SOL_BD(..).sol     2.32818e-009    -8.75510e-010     3.38832e-009     2.05167e-006    -2.79684e-008    -1.79182e-009     4.21091e-009     3.69352e-007    -3.42701e-008 
                9:V__SFTMP.bsn     4.43769e-009     3.83603e-009    -1.24356e-008    -2.62977e-007    -2.14264e-009    -1.57804e-008    -1.51990e-007    -3.42701e-008     3.23690e-005 

---------------------- correlation matrix -----------------

                             1:V__GW_REVAP.gw                  2:V__ESCO.hru                 3:V__CH_N2.rte                 4:V__CH_K2.rte             5:V__ALPHA_BNK.rte           6:R__SOL_AWC(..).sol             7:R__SOL_K(..).sol            8:R__SOL_BD(..).sol                 9:V__SFTMP.bsn 
              1:V__GW_REVAP.gw     1.00000e+000 
                 2:V__ESCO.hru    -1.99639e-002     1.00000e+000 
                3:V__CH_N2.rte    -5.78115e-003     3.96787e-002     1.00000e+000 
                4:V__CH_K2.rte    -1.28380e-002    -2.47609e-002     2.05551e-002     1.00000e+000 
            5:V__ALPHA_BNK.rte    -7.32601e-003     7.27612e-002    -3.89227e-003    -3.91408e-002     1.00000e+000 
          6:R__SOL_AWC(..).sol    -4.46482e-002     3.36149e-002     2.31513e-002     3.93538e-002    -1.95792e-002     1.00000e+000 
            7:R__SOL_K(..).sol     2.34775e-002     1.10127e-002     4.62187e-002    -6.97423e-002    -3.36407e-002     1.95965e-002     1.00000e+000 
           8:R__SOL_BD(..).sol     3.38879e-002    -1.19358e-002     1.44494e-002     4.52908e-002    -7.81962e-002    -8.89057e-003     7.54106e-003     1.00000e+000 
                9:V__SFTMP.bsn     6.89987e-003     5.58636e-003    -5.66483e-003    -6.20120e-004    -6.39916e-004    -8.36389e-003    -2.90756e-002    -9.91129e-003     1.00000e+000 

---------------------- confidence limits ---------------
1                1:V__GW_REVAP.gw    0.000226
2                   2:V__ESCO.hru    0.000241
3                  3:V__CH_N2.rte    0.000772
4                  4:V__CH_K2.rte    0.149076
5              5:V__ALPHA_BNK.rte    0.001177
6            6:R__SOL_AWC(..).sol    0.000663
7              7:R__SOL_K(..).sol    0.001838
8             8:R__SOL_BD(..).sol    0.001215
9                  9:V__SFTMP.bsn    0.011379

------------------ reading par_inf.txt-------
number of parameters=   9
number of simulation=   100

1  v__GW_REVAP.gw                
2  v__ESCO.hru                   
3  v__CH_N2.rte                  
4  v__CH_K2.rte                  
5  v__ALPHA_BNK.rte              
6  r__SOL_AWC(1).sol             
7  r__SOL_K(1).sol               
8  r__SOL_BD(1).sol              
9  v__SFTMP.bsn                  

---------------------------------------------

-----------------------------------------------------
print the best parameters along with the sorted best
-----------------------------------------------------
        best_par   sorted_best_par

par_no                  par_name         new_min      new_max
------------------------------------------------------------------------
1            v__GW_REVAP.gw           0.039274     0.146726
2               v__ESCO.hru           0.752259     0.917741
3              v__CH_N2.rte           0.121478     0.367522
4              v__CH_K2.rte          65.163422   186.086578
5          v__ALPHA_BNK.rte          -0.493677     0.503677
6         r__SOL_AWC(1).sol           0.007837     0.426163
7           r__SOL_K(1).sol          -0.045838     1.469838
8          r__SOL_BD(1).sol          -0.415965     0.262966
9              v__SFTMP.bsn          -3.486379     2.186379
